0 0.000000000000000000e+00
1 1.000000000000000000e+00
2 2.000000000000000000e+00
3 3.000000000000000000e+00
4 4.000000000000000000e+00
5 5.000000000000000000e+00
6 6.000000000000000000e+00
7 7.000000000000000000e+00
8 8.000000000000000000e+00
9 9.000000000000000000e+00
10 10.000000000000000000e+00
11 11.000000000000000000e+00
12 12.000000000000000000e+00
13 13.000000000000000000e+00
14 14.000000000000000000e+00
15 15.000000000000000000e+00
16 16.000000000000000000e+00
17 17.000000000000000000e+00
18 18.000000000000000000e+00
19 19.000000000000000000e+00
20 20.000000000000000000e+00
21 21.000000000000000000e+00
22 22.000000000000000000e+00
23 23.000000000000000000e+00
24 24.000000000000000000e+00
25 25.000000000000000000e+00
26 26.000000000000000000e+00
27 27.000000000000000000e+00
28 28.000000000000000000e+00
29 29.000000000000000000e+00
30 30.000000000000000000e+00
31 31.000000000000000000e+00
32 32.000000000000000000e+00
33 33.000000000000000000e+00
34 34.000000000000000000e+00
35 35.000000000000000000e+00
36 36.000000000000000000e+00
37 37.000000000000000000e+00
38 38.000000000000000000e+00
39 39.000000000000000000e+00
40 40.000000000000000000e+00
41 41.000000000000000000e+00
42 42.000000000000000000e+00
43 43.000000000000000000e+00
44 44.000000000000000000e+00
45 45.000000000000000000e+00
46 46.000000000000000000e+00
47 47.000000000000000000e+00
48 48.000000000000000000e+00
49 49.000000000000000000e+00
50 50.000000000000000000e+00
51 51.000000000000000000e+00
