1 0.000000
2 1.000000
3 2.000000
4 3.000000
5 4.000000
6 5.000000
8 6.000000
9 7.000000
10 8.000000
11 9.000000
12 10.000000
13 11.000000
14 12.000000
16 13.000000
17 14.000000
18 15.000000
19 16.000000
20 17.000000
23 18.000000
24 19.000000
25 20.000000
28 21.000000
31 22.000000
32 23.000000
41 24.000000
42 25.000000
49 26.000000
51 27.000000
53 28.000000
56 29.000000
57 30.000000
58 31.000000
61 32.000000
68 33.000000
84 34.000000
85 35.000000
86 36.000000
95 37.000000
97 38.000000
98 39.000000
104 40.000000
108 41.000000
117 42.000000
120 43.000000
125 44.000000
127 45.000000
128 46.000000
-1 47.000000
